0.32885906040268453
0.32432432432432434
0.5374149659863945
0.4178082191780822
0.32413793103448274
0.32638888888888884
0.32867132867132864
0.31690140845070425
0.3191489361702128
0.3285714285714286
0.3309352517985612
0.32608695652173914
0.3065693430656934
0.3161764705882353
0.31851851851851853
0.30597014925373134
0.3157894736842105
0.31818181818181823
0.3282442748091603
0.32307692307692304
0.31007751937984496
0.3125
0.3307086614173228
0.30952380952380953
0.31200000000000006
0.3145161290322581
0.3252032520325203
0.3278688524590164
0.3223140495867769
0.30833333333333335
0.3025210084033614
0.31355932203389836
0.3162393162393162
0.31034482758620685
0.29565217391304344
0.3070175438596491
0.31858407079646023
0.3214285714285714
0.3153153153153153
0.3090909090909091
0.29357798165137616
0.3055555555555556
0.28971962616822433
0.28301886792452835
0.32380952380952377
0.3076923076923077
0.33009708737864074
0.2941176470588235
0.3168316831683168
0.30000000000000004
0.31313131313131315
0.3163265306122449
0.30927835051546393
0.30208333333333337
0.3263157894736842
0.3085106382978723
0.30107526881720426
0.26086956521739135
0.29670329670329665
0.28888888888888886
0.3146067415730337
0.31818181818181823
0.31034482758620685
0.32558139534883723
0.3176470588235294
0.3214285714285714
0.3132530120481928
0.29268292682926833
0.28395061728395066
0.30000000000000004
0.3291139240506329
0.2948717948717948
0.3246753246753247
0.3157894736842105
0.30666666666666664
0.29729729729729726
0.3013698630136986
0.3055555555555556
0.2676056338028169
0.27142857142857146
0.3188405797101449
0.3088235294117647
0.26865671641791045
0.31818181818181823
0.2615384615384615
0.3125
0.31746031746031744
0.29032258064516125
0.2622950819672131
0.2666666666666667
0.288135593220339
0.2931034482758621
0.26315789473684215
0.3214285714285714
0.2727272727272727
0.31481481481481477
0.30188679245283023
0.3076923076923077
0.2549019607843137
0.31999999999999995
0.2857142857142857
0.27083333333333337
0.2978723404255319
0.26086956521739135
0.24444444444444446
0.2954545454545454
0.2558139534883721
0.23809523809523814
0.24390243902439024
0.30000000000000004
0.28205128205128205
0.3157894736842105
0.32432432432432434
0.2777777777777778
0.19999999999999996
0.2647058823529411
0.2727272727272727
0.21875
0.29032258064516125
0.2666666666666667
0.2068965517241379
0.3214285714285714
0.18518518518518523
0.2692307692307693
0.19999999999999996
0.25
0.26086956521739135
0.2727272727272727
0.1428571428571429
0.25
0.21052631578947367
0.2222222222222222
0.2941176470588235
0.25
0.2666666666666667
0.2142857142857143
0.3076923076923077
0.33333333333333337
0.2727272727272727
0.19999999999999996
0.11111111111111116
0.25
0.0
0.16666666666666663
0.19999999999999996
0.25
0.0
0.0
0.0
