0.6711409395973155
0.6756756756756757
0.46258503401360546
0.5821917808219178
0.6758620689655173
0.6736111111111112
0.6713286713286714
0.6830985915492958
0.6808510638297872
0.6714285714285714
0.6690647482014388
0.6739130434782609
0.6934306569343066
0.6838235294117647
0.6814814814814815
0.6940298507462687
0.6842105263157895
0.6818181818181818
0.6717557251908397
0.676923076923077
0.689922480620155
0.6875
0.6692913385826772
0.6904761904761905
0.688
0.6854838709677419
0.6747967479674797
0.6721311475409836
0.6776859504132231
0.6916666666666667
0.6974789915966386
0.6864406779661016
0.6837606837606838
0.6896551724137931
0.7043478260869566
0.6929824561403509
0.6814159292035398
0.6785714285714286
0.6846846846846847
0.6909090909090909
0.7064220183486238
0.6944444444444444
0.7102803738317757
0.7169811320754716
0.6761904761904762
0.6923076923076923
0.6699029126213593
0.7058823529411765
0.6831683168316832
0.7
0.6868686868686869
0.6836734693877551
0.6907216494845361
0.6979166666666666
0.6736842105263158
0.6914893617021277
0.6989247311827957
0.7391304347826086
0.7032967032967034
0.7111111111111111
0.6853932584269663
0.6818181818181818
0.6896551724137931
0.6744186046511628
0.6823529411764706
0.6785714285714286
0.6867469879518072
0.7073170731707317
0.7160493827160493
0.7
0.6708860759493671
0.7051282051282052
0.6753246753246753
0.6842105263157895
0.6933333333333334
0.7027027027027027
0.6986301369863014
0.6944444444444444
0.7323943661971831
0.7285714285714285
0.6811594202898551
0.6911764705882353
0.7313432835820896
0.6818181818181818
0.7384615384615385
0.6875
0.6825396825396826
0.7096774193548387
0.7377049180327869
0.7333333333333333
0.711864406779661
0.7068965517241379
0.7368421052631579
0.6785714285714286
0.7272727272727273
0.6851851851851852
0.6981132075471698
0.6923076923076923
0.7450980392156863
0.68
0.7142857142857143
0.7291666666666666
0.7021276595744681
0.7391304347826086
0.7555555555555555
0.7045454545454546
0.7441860465116279
0.7619047619047619
0.7560975609756098
0.7
0.717948717948718
0.6842105263157895
0.6756756756756757
0.7222222222222222
0.8
0.7352941176470589
0.7272727272727273
0.78125
0.7096774193548387
0.7333333333333333
0.7931034482758621
0.6785714285714286
0.8148148148148148
0.7307692307692307
0.8
0.75
0.7391304347826086
0.7272727272727273
0.8571428571428571
0.75
0.7894736842105263
0.7777777777777778
0.7058823529411765
0.75
0.7333333333333333
0.7857142857142857
0.6923076923076923
0.6666666666666666
0.7272727272727273
0.8
0.8888888888888888
0.75
1.0
0.8333333333333334
0.8
0.75
1.0
1.0
1.0
